start1	end1	start2	end2	col
3893683500	3893683500	3538087993	3538087993	28
3919635986	3919635986	3565771628	3565771628	28
2528449711	2528449711	2845883787	2845883787	28
322868056	322868056	931630682	931630682	28
325529313	325529313	928441279	928441279	28
327018583	327018583	926745638	926745638	28
338518886	338518886	912487451	912487451	28
362667684	362667684	885042944	885042944	28
363438757	363438757	884178386	884178386	28
3959964850	3959964850	3540196838	3540196838	28
352928958	352928958	895992096	895992096	28
3982183989	3982183989	3586150935	3586150935	28
4000915229	4000915229	3623711225	3623711225	28
4005278427	4005278427	3628269135	3628269135	28
3991400320	3991400320	3574820973	3574820973	28
3993110654	3993110654	3572415920	3572415920	28
3893153448	3893153448	3538438017	3538438017	28
4001574877	4001574877	3624394343	3624394343	28
3980731981	3980731981	3587576946	3587576946	28
42944727	42944727	1627209367	1627209367	27
4561031453	4561031453	3879901409	3879901409	27
4557562834	4557562834	3876094611	3876094611	27
4557480806	4557480806	3876049548	3876049548	27
4557405621	4557405621	3875992007	3875992007	27
4560232484	4560232484	3879257310	3879257310	27
637598031	637598031	1623893269	1623893269	27
637642570	637642570	1623940884	1623940884	27
640438971	640438971	1627192691	1627192691	27
4521074688	4521074688	3839024507	3839024507	27
643000733	643000733	1629796389	1629796389	27
648409795	648409795	1635507665	1635507665	27
651156672	651156672	1637287508	1637287508	27
567502876	567502876	1544134174	1544134174	27
565561327	565561327	1541413698	1541413698	27
564798741	564798741	1540656722	1540656722	27
799206975	799206975	1353248493	1353248493	27
778900263	778900263	1375753059	1375753059	27
645391647	645391647	1632470315	1632470315	27
394361668	394361668	849189345	849189345	26
422168403	422168403	819554330	819554330	26
408393536	408393536	833048116	833048116	26
402876169	402876169	839600859	839600859	26
398384531	398384531	844680412	844680412	26
396448616	396448616	846602617	846602617	26
1807554247	1807554247	2541305942	2541305942	26
388867446	388867446	855086664	855086664	26
385109604	385109604	859505205	859505205	26
381898519	381898519	863601311	863601311	26
375216767	375216767	870605620	870605620	26
385548532	385548532	859149147	859149147	26
2107405040	2107405040	3775476453	3775476453	25
4647501189	4647501189	4194315320	4194315320	25
4659990160	4659990160	4196182889	4196182889	25
4673505489	4673505489	4198608276	4198608276	25
4675640241	4675640241	4161399900	4161399900	25
4669230173	4669230173	4154596235	4154596235	25
4665317918	4665317918	4157111950	4157111950	25
2104841438	2104841438	2762233321	2762233321	25
2094231251	2094231251	2783210548	2783210548	25
2099266518	2099266518	2789159470	2789159470	25
2514965296	2514965296	2832231413	2832231413	25
2486669710	2486669710	3337067802	3337067802	25
2512387790	2512387790	2830284530	2830284530	25
4605690051	4605690051	4210595438	4210595438	25
4600881817	4600881817	4213592092	4213592092	25
4600478297	4600478297	4213846084	4213846084	25
4637050472	4637050472	4184380697	4184380697	25
4652442531	4652442531	4143104864	4143104864	25
4631593929	4631593929	4177338502	4177338502	25
4657529638	4657529638	4142027862	4142027862	25
4607146004	4607146004	4209584699	4209584699	25
4606484080	4606484080	4210041529	4210041529	25
4624341491	4624341491	4168201068	4168201068	25
4626944744	4626944744	4171573361	4171573361	25
4628162201	4628162201	4173325873	4173325873	25
4608739398	4608739398	4208426667	4208426667	25
4898225688	4898225688	4348355312	4348355312	25
4646917082	4646917082	4193177479	4193177479	25
4644646440	4644646440	4191392868	4191392868	25
4637385074	4637385074	4184638874	4184638874	25
4644279777	4644279777	4191080106	4191080106	25
5027651094	5027651094	4481397220	4481397220	24
5031837218	5031837218	4465053331	4465053331	24
5030359734	5030359734	4466428276	4466428276	24
5028393605	5028393605	4480757522	4480757522	24
5045595973	5045595973	4484785717	4484785717	24
1362045051	1362045051	248234117	248234117	23
1384179217	1384179217	222545453	222545453	23
1360120155	1360120155	250387423	250387423	23
1382696770	1382696770	224072998	224072998	23
1362113965	1362113965	248174920	248174920	23
1379046437	1379046437	228542113	228542113	23
1382597224	1382597224	224176033	224176033	23
1388273150	1388273150	218103087	218103087	23
1384289297	1384289297	222184687	222184687	23
1284214871	1284214871	384065708	384065708	23
4428742384	4428742384	4812581686	4812581686	23
3117724533	3117724533	5177710352	5177710352	23
1283384995	1283384995	383194059	383194059	23
1286214793	1286214793	386475171	386475171	23
1341169141	1341169141	271818153	271818153	23
1335557249	1335557249	278414858	278414858	23
1329803966	1329803966	439454320	439454320	23
3135295850	3135295850	5165599336	5165599336	23
4200678056	4200678056	2071216159	2071216159	22
4197990631	4197990631	2068481640	2068481640	22
4197993060	4197993060	2068458507	2068458507	22
4202255800	4202255800	2072391404	2072391404	22
4200999691	4200999691	2071403565	2071403565	22
4199086461	4199086461	2069822701	2069822701	22
4200613754	4200613754	2071141492	2071141492	22
4199518038	4199518038	2070094920	2070094920	22
4199389003	4199389003	2070010686	2070010686	22
4685815347	4685815347	4225709299	4225709299	22
4727219300	4727219300	4256821950	4256821950	22
4726678004	4726678004	4256291835	4256291835	22
5099461821	5099461821	4437221182	4437221182	22
4727353228	4727353228	4256974738	4256974738	22
4717370699	4717370699	4246512395	4246512395	22
4701587789	4701587789	4236514694	4236514694	22
4729541619	4729541619	4259148772	4259148772	22
4728225133	4728225133	4257821734	4257821734	22
4728996274	4728996274	4258689345	4258689345	22
4715926663	4715926663	4245194109	4245194109	22
5096664008	5096664008	4435760318	4435760318	22
5072491659	5072491659	4443374351	4443374351	22
5070688965	5070688965	4444544315	4444544315	22
4433775612	4433775612	4802092870	4802092870	21
4451418971	4451418971	4781507852	4781507852	21
4444125884	4444125884	4790468654	4790468654	21
4443797978	4443797978	4790933593	4790933593	21
4439855536	4439855536	4796795224	4796795224	21
4431377603	4431377603	4804059371	4804059371	21
4428680546	4428680546	4812542340	4812542340	21
4427058101	4427058101	4811715012	4811715012	21
4425708029	4425708029	4807753764	4807753764	21
4428474823	4428474823	4812506703	4812506703	21
4435715189	4435715189	4800654373	4800654373	21
4515280211	4515280211	4644233056	4644233056	21
4414110261	4414110261	4805541243	4805541243	21
4484390510	4484390510	4747762138	4747762138	21
4484612327	4484612327	4747652032	4747652032	21
4495668649	4495668649	4732824793	4732824793	21
4500714189	4500714189	4727634514	4727634514	21
4421014995	4421014995	4806241317	4806241317	21
2275748988	2275748988	1719385992	1719385992	20
4073745065	4073745065	3494345656	3494345656	20
4068021071	4068021071	3488858782	3488858782	20
4067344563	4067344563	3488240643	3488240643	20
4061196952	4061196952	3480948072	3480948072	20
4063369241	4063369241	3483567120	3483567120	20
285976826	285976826	974702415	974702415	20
4210880144	4210880144	2079530297	2079530297	20
2274576357	2274576357	1690530118	1690530118	20
2275408874	2275408874	1718956921	1718956921	20
2275271218	2275271218	1690175639	1690175639	20
2274807103	2274807103	1690418993	1690418993	20
2274530054	2274530054	1690637709	1690637709	20
4086516136	4086516136	3505408043	3505408043	20
4086410096	4086410096	3505285451	3505285451	20
4075250855	4075250855	3495834517	3495834517	20
4073773052	4073773052	3494377567	3494377567	20
4083548366	4083548366	3503195476	3503195476	20
4077262125	4077262125	3497886390	3497886390	20
4104969156	4104969156	3521225026	3521225026	20
4089754101	4089754101	3508600287	3508600287	20
4049785221	4049785221	3468519839	3468519839	20
4048732943	4048732943	3467487386	3467487386	20
4048664869	4048664869	3467407957	3467407957	20
4058075050	4058075050	3478318075	3478318075	20
4101235547	4101235547	3519135780	3519135780	20
4098843376	4098843376	3517036793	3517036793	20
4050540619	4050540619	3469147335	3469147335	20
4121706970	4121706970	3523788860	3523788860	20
4117831792	4117831792	3526441072	3526441072	20
4024820071	4024820071	3438278933	3438278933	20
4030187393	4030187393	3444004035	3444004035	20
4094974678	4094974678	3513678766	3513678766	20
4094849241	4094849241	3513472679	3513472679	20
4117993520	4117993520	3526361610	3526361610	20
2149230586	2149230586	1738107365	1738107365	19
2297069716	2297069716	1901958572	1901958572	19
2160840122	2160840122	1768787834	1768787834	19
2157774352	2157774352	1765621701	1765621701	19
2154204658	2154204658	1732810531	1732810531	19
2153901004	2153901004	1733139409	1733139409	19
2140813157	2140813157	1745332474	1745332474	19
2143137899	2143137899	1743265279	1743265279	19
2141949158	2141949158	1744672572	1744672572	19
2379356245	2379356245	1933875979	1933875979	19
2242764244	2242764244	1865161756	1865161756	19
2249484941	2249484941	1873490074	1873490074	19
3237654490	3237654490	2462608546	2462608546	19
2293250562	2293250562	1906442550	1906442550	19
2293809279	2293809279	1905832029	1905832029	19
2234231768	2234231768	1855674794	1855674794	19
2293043736	2293043736	1906572994	1906572994	19
2201830910	2201830910	1818801275	1818801275	19
2286041103	2286041103	1763534012	1763534012	19
2177187824	2177187824	1789277871	1789277871	19
2185376506	2185376506	1798385541	1798385541	19
2193212956	2193212956	1808954424	1808954424	19
2200498063	2200498063	1817395707	1817395707	19
2200003535	2200003535	1816863982	1816863982	19
2205307424	2205307424	1822401600	1822401600	19
2206166087	2206166087	1823157089	1823157089	19
2227820028	2227820028	1848449208	1848449208	19
2230901318	2230901318	1852273710	1852273710	19
2231706261	2231706261	1853222158	1853222158	19
2234010165	2234010165	1855397620	1855397620	19
121818434	121818434	1159446252	1159446252	18
123799099	123799099	1157175810	1157175810	18
128562687	128562687	1152400083	1152400083	18
129760533	129760533	1151165080	1151165080	18
136980410	136980410	1144253925	1144253925	18
144015302	144015302	1135652622	1135652622	18
180609097	180609097	1091070525	1091070525	18
115866011	115866011	1165937426	1165937426	18
109500669	109500669	1173365003	1173365003	18
98719606	98719606	1184813624	1184813624	18
98500923	98500923	1185071052	1185071052	18
94138926	94138926	1189012645	1189012645	18
86544033	86544033	1197584699	1197584699	18
158721136	158721136	1117590730	1117590730	18
141677023	141677023	1138089895	1138089895	18
187205875	187205875	1083962634	1083962634	18
250750087	250750087	1013883276	1013883276	18
264773320	264773320	998718212	998718212	18
256056689	256056689	1007812194	1007812194	18
255838524	255838524	1007986962	1007986962	18
255495395	255495395	1008371682	1008371682	18
250797420	250797420	1013853522	1013853522	18
262620806	262620806	1000930376	1000930376	18
234152500	234152500	1033697212	1033697212	18
232909089	232909089	1035244265	1035244265	18
224265626	224265626	1044252691	1044252691	18
206032240	206032240	1063407334	1063407334	18
192459305	192459305	1077661937	1077661937	18
190811795	190811795	1079832195	1079832195	18
684470236	684470236	1483502524	1483502524	17
712251744	712251744	1451456196	1451456196	17
702429694	702429694	1462863586	1462863586	17
701258649	701258649	1464039488	1464039488	17
692022469	692022469	1474361662	1474361662	17
689503504	689503504	1477131433	1477131433	17
659977484	659977484	1511215023	1511215023	17
667346660	667346660	1503297310	1503297310	17
660738026	660738026	1510296742	1510296742	17
659852018	659852018	1511373409	1511373409	17
621756094	621756094	1605554473	1605554473	17
719745745	719745745	1443484647	1443484647	17
718676500	718676500	1444480131	1444480131	17
588469581	588469581	1568958789	1568958789	17
721831636	721831636	1441355680	1441355680	17
734311760	734311760	1427328453	1427328453	17
799444030	799444030	1353118499	1353118499	17
605461379	605461379	1587292798	1587292798	17
571468687	571468687	1548404420	1548404420	17
580032389	580032389	1558989414	1558989414	17
623625328	623625328	1607708321	1607708321	17
653120603	653120603	1638769127	1638769127	17
534841882	534841882	1646763034	1646763034	17
541163850	541163850	1516465211	1516465211	17
539764392	539764392	1515086924	1515086924	17
600055036	600055036	1581710471	1581710471	17
621983130	621983130	1605814141	1605814141	17
662806579	662806579	1508031370	1508031370	17
627157578	627157578	1611645407	1611645407	17
108645267	108645267	3847233661	3847233661	17
4526432888	4526432888	3842808581	3842808581	17
4553466428	4553466428	3871551279	3871551279	17
4553534342	4553534342	3871651923	3871651923	17
4541841081	4541841081	3858231767	3858231767	17
4541678741	4541678741	3858079530	3858079530	17
4538410618	4538410618	3854029772	3854029772	17
4535980738	4535980738	3851683075	3851683075	17
4535186464	4535186464	3850806338	3850806338	17
4534435614	4534435614	3849846114	3849846114	17
4531021342	4531021342	3846192659	3846192659	17
4531615446	4531615446	3846792869	3846792869	17
4531867966	4531867966	3847138872	3847138872	17
4553353986	4553353986	3871405031	3871405031	17
4532447608	4532447608	3847753313	3847753313	17
4530532821	4530532821	3845653224	3845653224	17
4569179386	4569179386	3887284969	3887284969	17
4524885191	4524885191	3841344932	3841344932	17
4533443439	4533443439	3848760127	3848760127	17
4533883779	4533883779	3849340826	3849340826	17
4526367653	4526367653	3842728987	3842728987	17
4528871071	4528871071	3844355400	3844355400	17
4528621585	4528621585	3844070424	3844070424	17
4580019427	4580019427	3890671547	3890671547	17
4574456904	4574456904	3896948139	3896948139	17
4569555883	4569555883	3887727242	3887727242	17
2323060752	2323060752	1999841872	1999841872	16
2351212576	2351212576	1968558082	1968558082	16
2327830540	2327830540	1700890146	1700890146	16
2325765008	2325765008	1958191638	1958191638	16
2323122832	2323122832	1961025897	1961025897	16
2313632310	2313632310	1703822680	1703822680	16
2323002681	2323002681	1999778788	1999778788	16
2302555796	2302555796	1712449814	1712449814	16
2313389808	2313389808	1703901660	1703901660	16
2312534453	2312534453	1705109331	1705109331	16
2304970439	2304970439	1714992952	1714992952	16
2344338593	2344338593	1975718506	1975718506	16
2346271830	2346271830	1974009483	1974009483	16
2383967749	2383967749	1929145393	1929145393	16
2336517585	2336517585	1984141893	1984141893	16
2336437814	2336437814	3343019830	3343019830	16
2384714825	2384714825	1928490832	1928490832	16
2384230375	2384230375	1928932945	1928932945	16
2384155442	2384155442	1929046438	1929046438	16
2411091171	2411091171	1688944353	1688944353	16
2366431621	2366431621	1948485827	1948485827	16
2366875218	2366875218	1947971746	1947971746	16
2367115839	2367115839	1947840155	1947840155	16
2400261997	2400261997	1693088175	1693088175	16
2401611704	2401611704	1911394973	1911394973	16
2302121145	2302121145	1712064195	1712064195	16
2302288747	2302288747	1712217138	1712217138	16
2374946182	2374946182	1939492058	1939492058	16
2301823510	2301823510	1711712074	1711712074	16
4974682873	4974682873	4374405113	4374405113	16
2350859389	2350859389	1968956720	1968956720	16
4948152889	4948152889	4394979494	4394979494	16
4938888760	4938888760	4391967843	4391967843	16
4940378703	4940378703	4402014600	4402014600	16
4938847285	4938847285	4391987222	4391987222	16
4957177674	4957177674	4387673111	4387673111	16
4964452313	4964452313	4380316488	4380316488	16
4964617174	4964617174	4380207474	4380207474	16
4979656590	4979656590	4370825186	4370825186	16
4979455913	4979455913	4370873667	4370873667	16
4979228227	4979228227	4371353860	4371353860	16
4977795229	4977795229	4371876471	4371876471	16
4948310147	4948310147	4395147848	4395147848	16
4974651900	4974651900	4374374799	4374374799	16
55338288	55338288	1230402784	1230402784	16
4966226842	4966226842	4378666667	4378666667	16
2333813324	2333813324	1987230087	1987230087	16
24614063	24614063	1264808644	1264808644	16
36294879	36294879	1244332749	1244332749	16
14714473	14714473	1272942076	1272942076	16
55402969	55402969	1230344234	1230344234	16
55475270	55475270	1230282477	1230282477	16
56381577	56381577	1229530039	1229530039	16
74781497	74781497	1208428709	1208428709	16
77617143	77617143	1205673811	1205673811	16
3172486924	3172486924	2392305966	2392305966	15
3268726992	3268726992	2260933591	2260933591	15
3172527236	3172527236	2392327584	2392327584	15
3343925613	3343925613	2363916461	2363916461	15
1229420452	1229420452	2387599329	2387599329	15
3246048854	3246048854	2386932236	2386932236	15
3250403804	3250403804	2382844518	2382844518	15
3248318457	3248318457	2384919786	2384919786	15
3247444978	3247444978	2385557579	2385557579	15
3304301454	3304301454	2225986594	2225986594	15
3320123986	3320123986	2209682197	2209682197	15
3280500774	3280500774	2251969549	2251969549	15
3270181639	3270181639	2259804335	2259804335	15
3270210657	3270210657	2259619733	2259619733	15
3272600181	3272600181	2258567406	2258567406	15
3278140842	3278140842	2254222746	2254222746	15
3279914618	3279914618	2252683133	2252683133	15
3288788417	3288788417	2243348656	2243348656	15
3340074537	3340074537	2370233289	2370233289	15
943540219	943540219	510346616	510346616	15
952427402	952427402	520063477	520063477	15
3180874616	3180874616	2398560889	2398560889	15
3348181570	3348181570	2368298327	2368298327	15
3280603695	3280603695	2251912628	2251912628	15
3176755469	3176755469	2395143588	2395143588	15
3200140451	3200140451	2421560363	2421560363	15
3345664986	3345664986	2365288952	2365288952	15
3225038216	3225038216	2450036015	2450036015	15
3222292721	3222292721	2447181157	2447181157	15
3219668065	3219668065	2444126567	2444126567	15
3213561495	3213561495	2437463516	2437463516	15
3211899609	3211899609	2435442678	2435442678	15
3211127717	3211127717	2434457335	2434457335	15
3202993921	3202993921	2424960241	2424960241	15
3202767599	3202767599	2424654895	2424654895	15
3201060617	3201060617	2422771839	2422771839	15
3224787337	3224787337	2449844139	2449844139	15
3197805087	3197805087	2418020203	2418020203	15
3186271310	3186271310	2404460315	2404460315	15
3195272278	3195272278	2415149234	2415149234	15
3181218086	3181218086	2398949496	2398949496	15
3183862009	3183862009	2401579153	2401579153	15
3181322657	3181322657	2399060295	2399060295	15
3186635160	3186635160	2404862537	2404862537	15
3192694179	3192694179	2412310745	2412310745	15
3193719087	3193719087	2413358547	2413358547	15
3194152852	3194152852	2413964085	2413964085	15
3382149052	3382149052	3928168410	3928168410	14
2882709524	2882709524	4927089922	4927089922	14
2882830212	2882830212	4926799545	4926799545	14
1163177773	1163177773	288339858	288339858	14
2877305242	2877305242	4932802460	4932802460	14
2877410261	2877410261	4932529356	4932529356	14
1156834412	1156834412	282770646	282770646	14
2847110974	2847110974	4905664116	4905664116	14
2848349037	2848349037	4906515435	4906515435	14
2951955613	2951955613	4988209331	4988209331	14
2951854043	2951854043	4988331162	4988331162	14
2933704206	2933704206	5010757551	5010757551	14
3157450453	3157450453	5135461510	5135461510	14
2892612961	2892612961	4915120914	4915120914	14
2950567605	2950567605	5043381085	5043381085	14
2950358969	2950358969	5043497974	5043497974	14
2949362324	2949362324	5044681530	5044681530	14
4769284011	4769284011	4317453825	4317453825	14
4759492448	4759492448	4325661895	4325661895	14
4756769067	4756769067	4323657825	4323657825	14
4775359992	4775359992	4309393328	4309393328	14
4782587044	4782587044	4301484780	4301484780	14
4802053776	4802053776	4286195136	4286195136	14
4750915195	4750915195	4323040879	4323040879	14
4760953023	4760953023	4321896172	4321896172	14
4789521686	4789521686	4276334238	4276334238	14
4789416479	4789416479	4276211761	4276211761	14
4788571424	4788571424	4275495791	4275495791	14
4788006121	4788006121	4295928196	4295928196	14
4756354210	4756354210	4329022547	4329022547	14
4781282897	4781282897	4302659824	4302659824	14
4780919909	4780919909	4303133155	4303133155	14
4779837670	4779837670	4304500378	4304500378	14
4780305846	4780305846	4303917817	4303917817	14
4810580336	4810580336	4294554976	4294554976	14
4806952861	4806952861	4290915278	4290915278	14
4780957075	4780957075	4303073945	4303073945	14
4802067921	4802067921	4286205255	4286205255	14
1456862548	1456862548	137402611	137402611	13
1497990412	1497990412	93636879	93636879	13
280008736	280008736	980874715	980874715	13
1482853993	1482853993	108429926	108429926	13
1461589983	1461589983	132147490	132147490	13
1459844344	1459844344	134036609	134036609	13
1443815440	1443815440	154005287	154005287	13
1453993633	1453993633	141235901	141235901	13
1448437842	1448437842	148384968	148384968	13
1443736446	1443736446	154172929	154172929	13
1422418096	1422418096	178827070	178827070	13
1504927740	1504927740	86032185	86032185	13
1500485336	1500485336	91082989	91082989	13
1532367101	1532367101	55371302	55371302	13
1522132867	1522132867	67238257	67238257	13
1523694045	1523694045	65656802	65656802	13
1525750230	1525750230	63067187	63067187	13
1526108556	1526108556	62650996	62650996	13
1526955437	1526955437	61548278	61548278	13
1528124526	1528124526	60288716	60288716	13
1528191558	1528191558	60167225	60167225	13
1531983713	1531983713	55705728	55705728	13
1535486857	1535486857	52080356	52080356	13
1535904957	1535904957	51934135	51934135	13
1546219420	1546219420	39037105	39037105	13
1547049597	1547049597	37992468	37992468	13
1406268818	1406268818	196174929	196174929	13
1420650316	1420650316	180753189	180753189	13
1264435405	1264435405	4502909733	4502909733	13
1626647583	1626647583	2748890157	2748890157	13
1252581028	1252581028	4510157081	4510157081	13
1252680325	1252680325	4510227993	4510227993	13
2815785924	2815785924	3074337500	3074337500	13
2632180710	2632180710	2961292155	2961292155	13
2814254859	2814254859	1676638044	1676638044	13
4194626419	4194626419	2065431130	2065431130	12
4180490289	4180490289	2047943378	2047943378	12
986873326	986873326	557539694	557539694	12
986682474	986682474	557474646	557474646	12
1017611125	1017611125	594050970	594050970	12
1017530880	1017530880	593930488	593930488	12
1012298385	1012298385	587569102	587569102	12
4139744054	4139744054	2034083600	2034083600	12
4179898456	4179898456	2047304896	2047304896	12
4191525061	4191525061	2061789940	2061789940	12
4180595448	4180595448	2048017939	2048017939	12
4180771788	4180771788	2048175595	2048175595	12
989088549	989088549	559464574	559464574	12
4190512764	4190512764	2060642925	2060642925	12
4190434213	4190434213	2060526712	2060526712	12
4190374891	4190374891	2060471892	2060471892	12
4187135750	4187135750	2056577455	2056577455	12
4185839951	4185839951	2054686235	2054686235	12
987498081	987498081	558094020	558094020	12
1023076878	1023076878	600036832	600036832	12
992448640	992448640	564222936	564222936	12
770223844	770223844	1386208472	1386208472	12
929018712	929018712	493188595	493188595	12
924033574	924033574	488066507	488066507	12
995720768	995720768	568102763	568102763	12
592839736	592839736	1573811504	1573811504	12
857776649	857776649	1287486270	1287486270	12
857550537	857550537	1287593655	1287593655	12
861433299	861433299	1284879961	1284879961	12
776449620	776449620	1378675273	1378675273	12
919990475	919990475	483614927	483614927	12
767637878	767637878	1388799298	1388799298	12
750190603	750190603	1409973219	1409973219	12
804574190	804574190	1348423500	1348423500	12
808522785	808522785	1344798160	1344798160	12
813593901	813593901	1339616352	1339616352	12
4181151515	4181151515	2048543841	2048543841	12
756624006	756624006	1402081985	1402081985	12
2995596158	2995596158	4880584776	4880584776	10
3487578748	3487578748	4089206912	4089206912	10
3486558730	3486558730	4089913989	4089913989	10
3485266102	3485266102	4090824340	4090824340	10
2039826041	2039826041	3763566720	3763566720	10
2987943717	2987943717	4893151571	4893151571	10
2994168582	2994168582	4901299018	4901299018	10
3063444821	3063444821	5068832838	5068832838	10
2995953585	2995953585	4880246909	4880246909	10
3031430056	3031430056	4831185280	4831185280	10
3063217775	3063217775	5068516639	5068516639	10
3058436485	3058436485	5063220159	5063220159	10
3053585467	3053585467	5058429463	5058429463	10
3545300638	3545300638	4108360316	4108360316	10
3532931844	3532931844	4095729584	4095729584	10
3501010143	3501010143	4074212206	4074212206	10
3545254544	3545254544	4108329130	4108329130	10
3521961939	3521961939	4053669745	4053669745	10
3048871770	3048871770	5053462044	5053462044	10
3512852075	3512852075	4061631810	4061631810	10
3512619278	3512619278	4061852986	4061852986	10
3567066090	3567066090	4118306301	4118306301	10
3573618301	3573618301	4111845414	4111845414	10
3574000661	3574000661	4112048257	4112048257	10
3538213182	3538213182	4100860956	4100860956	10
3488995461	3488995461	4088120599	4088120599	10
3536437440	3536437440	4099108848	4099108848	10
2985656969	2985656969	4891017152	4891017152	10
3500064458	3500064458	4075118253	4075118253	10
3499453493	3499453493	4075525936	4075525936	10
3494094913	3494094913	4081088793	4081088793	10
3491237225	3491237225	4084754932	4084754932	10
3051840395	3051840395	5056269475	5056269475	10
3520281378	3520281378	4055003515	4055003515	10
3068693810	3068693810	5075145058	5075145058	10
1202959780	1202959780	346770730	346770730	10
2978906377	2978906377	4954020127	4954020127	10
1154322586	1154322586	442370765	442370765	10
3074100100	3074100100	5080425739	5080425739	10
1179649491	1179649491	663235359	663235359	10
1181421316	1181421316	329657740	329657740	10
1181971064	1181971064	329942330	329942330	10
1182090228	1182090228	330023723	330023723	10
1190292720	1190292720	336249287	336249287	10
1176841661	1176841661	301288253	301288253	10
1204927126	1204927126	348739282	348739282	10
1280494888	1280494888	379929591	379929591	10
3098097039	3098097039	5108623124	5108623124	10
3094696100	3094696100	5104655007	5104655007	10
3086281761	3086281761	5093534915	5093534915	10
3082520743	3082520743	5089905904	5089905904	10
3076165290	3076165290	5082977000	5082977000	10
1205397089	1205397089	349227064	349227064	10
2703876127	2703876127	3108176162	3108176162	9
2743027920	2743027920	1687334168	1687334168	9
2738756872	2738756872	1664940699	1664940699	9
2728814379	2728814379	1653064346	1653064346	9
2727673063	2727673063	3135540468	3135540468	9
2709494722	2709494722	3114489190	3114489190	9
2674216148	2674216148	3007074673	3007074673	9
2700815694	2700815694	3104391941	3104391941	9
2676905452	2676905452	3009591838	3009591838	9
2674885874	2674885874	3007764188	3007764188	9
2656944481	2656944481	2988724245	2988724245	9
2766709071	2766709071	3069269345	3069269345	9
2640459875	2640459875	2970341267	2970341267	9
2667471224	2667471224	3000060984	3000060984	9
2616776854	2616776854	2944787246	2944787246	9
2759738514	2759738514	3061260006	3061260006	9
2605431523	2605431523	2933193808	2933193808	9
2533083235	2533083235	2850980343	2850980343	9
2541959203	2541959203	2860724095	2860724095	9
2542248794	2542248794	2861128198	2861128198	9
2542638377	2542638377	2861483466	2861483466	9
2756974435	2756974435	3058546252	3058546252	9
2559593455	2559593455	2880499773	2880499773	9
2559498393	2559498393	2880456183	2880456183	9
2569875150	2569875150	2893158731	2893158731	9
2600821203	2600821203	2928060527	2928060527	9
2601166643	2601166643	2928380915	2928380915	9
2602528130	2602528130	2929831908	2929831908	9
2605377935	2605377935	2933105068	2933105068	9
2543056011	2543056011	2861886670	2861886670	9
2614784689	2614784689	2943104995	2943104995	9
2806210027	2806210027	3136843061	3136843061	9
2615006612	2615006612	2943323399	2943323399	9
2752582746	2752582746	3053853107	3053853107	9
2804205498	2804205498	3138683046	3138683046	9
2812711800	2812711800	1677359975	1677359975	9
2810413216	2810413216	1675936079	1675936079	9
2748495553	2748495553	1681669772	1681669772	9
2833107346	2833107346	3033424745	3033424745	9
2621245648	2621245648	2950054660	2950054660	9
2760246078	2760246078	3061956936	3061956936	9
2616661360	2616661360	2944757900	2944757900	9
2623415104	2623415104	2951783745	2951783745	9
3427804611	3427804611	4009425772	4009425772	8
3823287657	3823287657	3250289172	3250289172	8
3850468569	3850468569	3343434530	3343434530	8
4143750357	4143750357	2031514534	2031514534	8
1069719936	1069719936	658821361	658821361	8
1069665808	1069665808	658969450	658969450	8
3426025124	3426025124	4011445381	4011445381	8
3426252644	3426252644	4011176618	4011176618	8
4385826648	4385826648	2333986591	2333986591	8
4379545499	4379545499	2326230706	2326230706	8
4386489339	4386489339	2334783367	2334783367	8
509549184	509549184	762322135	762322135	8
2633291036	2633291036	769602357	769602357	8
499816459	499816459	771630575	771630575	8
448913745	448913745	731148584	731148584	8
491271786	491271786	748751857	748751857	8
501524030	501524030	769903550	769903550	8
1070916909	1070916909	657470797	657470797	8
3812511049	3812511049	3258684172	3258684172	8
3479543708	3479543708	3999208175	3999208175	8
3483620444	3483620444	4001111597	4001111597	8
886491756	886491756	449349487	449349487	8
1072948467	1072948467	661803997	661803997	8
1073858899	1073858899	653542544	653542544	8
907752381	907752381	471427381	471427381	8
1086697820	1086697820	707017955	707017955	8
1082264614	1082264614	711743874	711743874	8
1050354776	1050354776	632785570	632785570	8
1036169360	1036169360	615833206	615833206	8
1065417871	1065417871	648330522	648330522	8
1065681288	1065681288	648777628	648777628	8
3435772245	3435772245	4001169903	4001169903	8
3433679096	3433679096	4003459877	4003459877	8
3433636530	3433636530	4003435271	4003435271	8
3397093809	3397093809	3916148227	3916148227	8
3482288152	3482288152	4000388799	4000388799	8
3438735355	3438735355	3954842738	3954842738	8
3445257542	3445257542	3960672421	3960672421	8
3448240579	3448240579	3963970783	3963970783	8
3479331572	3479331572	3998958515	3998958515	8
2454698049	2454698049	3929031110	3929031110	8
488602689	488602689	745501445	745501445	8
3361054871	3361054871	3930086975	3930086975	8
486862844	486862844	811494490	811494490	8
486288716	486288716	810751390	810751390	8
486196308	486196308	810640041	810640041	8
465708228	465708228	787502105	787502105	8
469756781	469756781	792013966	792013966	8
477905481	477905481	802206292	802206292	8
478160944	478160944	802455814	802455814	8
480340883	480340883	804531228	804531228	8
460614966	460614966	781825595	781825595	8
463980159	463980159	785684262	785684262	8
446200736	446200736	733904024	733904024	8
445867389	445867389	734273366	734273366	8
3461621091	3461621091	3979771190	3979771190	8
3464734768	3464734768	3983447448	3983447448	8
3469568077	3469568077	3988932986	3988932986	8
3469853445	3469853445	3989344634	3989344634	8
3422184805	3422184805	3952493247	3952493247	8
3380407493	3380407493	3936244706	3936244706	8
3373831515	3373831515	3933477188	3933477188	8
3818496739	3818496739	3253980252	3253980252	8
3757978632	3757978632	3247099962	3247099962	8
3810249229	3810249229	3260642385	3260642385	8
3773172872	3773172872	3300114922	3300114922	8
3806406551	3806406551	3263478094	3263478094	8
3754763510	3754763510	3245081170	3245081170	8
3887793436	3887793436	3193632471	3193632471	8
3760282657	3760282657	3249050205	3249050205	8
3764140574	3764140574	3309691294	3309691294	8
3776680747	3776680747	3297476371	3297476371	8
3879553140	3879553140	3191891845	3191891845	8
3757308020	3757308020	3246760622	3246760622	8
3777568724	3777568724	3296386300	3296386300	8
3780909504	3780909504	3292005917	3292005917	8
3794501082	3794501082	3276651234	3276651234	8
3798103192	3798103192	3272279533	3272279533	8
3795075476	3795075476	3276144477	3276144477	8
3796629113	3796629113	3274057650	3274057650	8
260318433	260318433	3295894976	3295894976	8
267117054	267117054	996460912	996460912	7
4365211159	4365211159	2309104395	2309104395	7
4365411947	4365411947	2309334358	2309334358	7
4366671883	4366671883	2310575115	2310575115	7
4370470148	4370470148	2315064054	2315064054	7
272984587	272984587	990056955	990056955	7
268093599	268093599	995520499	995520499	7
272603466	272603466	990338874	990338874	7
276211752	276211752	985202161	985202161	7
276322556	276322556	985112269	985112269	7
4344401627	4344401627	2284815604	2284815604	7
280348650	280348650	980578740	980578740	7
4347172499	4347172499	2286421206	2286421206	7
4286974453	4286974453	2122375439	2122375439	7
4315481805	4315481805	2175782039	2175782039	7
4314764250	4314764250	2175099715	2175099715	7
4305609864	4305609864	2164058556	2164058556	7
4304831596	4304831596	2163046079	2163046079	7
4302612611	4302612611	2160400828	2160400828	7
4292617568	4292617568	2116518731	2116518731	7
2526216152	2526216152	2843505964	2843505964	7
4286797733	4286797733	2122420098	2122420098	7
4285461326	4285461326	2123685998	2123685998	7
3910292902	3910292902	3535282636	3535282636	7
4271261323	4271261323	2140041102	2140041102	7
4269755189	4269755189	2141558097	2141558097	7
284041735	284041735	976747744	976747744	7
2086796996	2086796996	2764770517	2764770517	7
2528466082	2528466082	2845894750	2845894750	7
2033194402	2033194402	3770861186	3770861186	7
1702431720	1702431720	2662894848	2662894848	7
1690470080	1690470080	2677246924	2677246924	7
1690434673	1690434673	2677296039	2677296039	7
1685757595	1685757595	2682855482	2682855482	7
1682086500	1682086500	2686528793	2686528793	7
1681941627	1681941627	2686879950	2686879950	7
1680536239	1680536239	2688142614	2688142614	7
1667581352	1667581352	2703158636	2703158636	7
1983264362	1983264362	3758380456	3758380456	7
1986671604	1986671604	3788384281	3788384281	7
2028527051	2028527051	3818626734	3818626734	7
2033001821	2033001821	3771050024	3771050024	7
2033302874	2033302874	3770427067	3770427067	7
2529117845	2529117845	2846375144	2846375144	7
2034497777	2034497777	3769639730	3769639730	7
2039144157	2039144157	3764190559	3764190559	7
2045596049	2045596049	2810368978	2810368978	7
2064173773	2064173773	2806753739	2806753739	7
2088924715	2088924715	2762412096	2762412096	7
2088209892	2088209892	2763184036	2763184036	7
4265635559	4265635559	2153397547	2153397547	7
2086079076	2086079076	2765641688	2765641688	7
2079144700	2079144700	2774398853	2774398853	7
4086312969	4086312969	3505208513	3505208513	7
4086349338	4086349338	3505247000	3505247000	7
2506857954	2506857954	2825176098	2825176098	7
4267349584	4267349584	2143768893	2143768893	7
4307560179	4307560179	2166348116	2166348116	7
4261164252	4261164252	2147988009	2147988009	7
4407210092	4407210092	2357803037	2357803037	7
3889115417	3889115417	3355377073	3355377073	7
3871924482	3871924482	3183951661	3183951661	7
3838774275	3838774275	3228883924	3228883924	7
3845029226	3845029226	3221662371	3221662371	7
4260007365	4260007365	2146945548	2146945548	7
4399274853	4399274853	2350739200	2350739200	7
4253990528	4253990528	2100735991	2100735991	7
4257718493	4257718493	2154173640	2154173640	7
4259029289	4259029289	2145833381	2145833381	7
4246686752	4246686752	2090691978	2090691978	7
3748160736	3748160736	3376421794	3376421794	6
3738366947	3738366947	3384826747	3384826747	6
3740005376	3740005376	3383213844	3383213844	6
3740602994	3740602994	3382728324	3382728324	6
3743632775	3743632775	3380600027	3380600027	6
3744154014	3744154014	3380017136	3380017136	6
3744187223	3744187223	3379993705	3379993705	6
3744743421	3744743421	3379432262	3379432262	6
3746452674	3746452674	3378349721	3378349721	6
3754084688	3754084688	3371914077	3371914077	6
3752606793	3752606793	3372717227	3372717227	6
3752813914	3752813914	3372341345	3372341345	6
4992744524	4992744524	4046099349	4046099349	6
4998483123	4998483123	4023148654	4023148654	6
3725931343	3725931343	3399405414	3399405414	6
4982425290	4982425290	4038447554	4038447554	6
4983734006	4983734006	4039398457	4039398457	6
4983765312	4983765312	4039417212	4039417212	6
2446673201	2446673201	4428703704	4428703704	6
3726371863	3726371863	3399063077	3399063077	6
3721703371	3721703371	3403388178	3403388178	6
3723221276	3723221276	3402509270	3402509270	6
3692087509	3692087509	3368334673	3368334673	6
3668629480	3668629480	3152949565	3152949565	6
3671900197	3671900197	3161938511	3161938511	6
3676380406	3676380406	3157102950	3157102950	6
3678535927	3678535927	3154485719	3154485719	6
3681069129	3681069129	3194557925	3194557925	6
3681574215	3681574215	3194030288	3194030288	6
3681707117	3681707117	3193973666	3193973666	6
3683266115	3683266115	3357193352	3357193352	6
3705591140	3705591140	3422012877	3422012877	6
3723070965	3723070965	3402636011	3402636011	6
3710149679	3710149679	3417302119	3417302119	6
3711724383	3711724383	3415333558	3415333558	6
3716616439	3716616439	3409377262	3409377262	6
3716753218	3716753218	3409215287	3409215287	6
3721154845	3721154845	3403588700	3403588700	6
4987566957	4987566957	4041962847	4041962847	6
3722805548	3722805548	3402820769	3402820769	6
3722899589	3722899589	3402717606	3402717606	6
4986380599	4986380599	4041340261	4041340261	6
3054633679	3054633679	5059546026	5059546026	6
4987584147	4987584147	4041979353	4041979353	6
4917844215	4917844215	4364717736	4364717736	6
4897094166	4897094166	4347018367	4347018367	6
4897900590	4897900590	4347955921	4347955921	6
4898160629	4898160629	4348276126	4348276126	6
4899631437	4899631437	4350387875	4350387875	6
4900377884	4900377884	4351216126	4351216126	6
4901052096	4901052096	4351955509	4351955509	6
4925756584	4925756584	4361263402	4361263402	6
4921322561	4921322561	4363358003	4363358003	6
4917775674	4917775674	4364733384	4364733384	6
4987989928	4987989928	4042397567	4042397567	6
4917712770	4917712770	4364801419	4364801419	6
4917290554	4917290554	4364990941	4364990941	6
4917271435	4917271435	4365064056	4365064056	6
4913435811	4913435811	4368383949	4368383949	6
4913403427	4913403427	4368414993	4368414993	6
4911701893	4911701893	4369914766	4369914766	6
4907910554	4907910554	4359013077	4359013077	6
4907744760	4907744760	4358856995	4358856995	6
4896377933	4896377933	4346201391	4346201391	6
4883679766	4883679766	4340440628	4340440628	6
4890451173	4890451173	4336408941	4336408941	6
4891016445	4891016445	4335984174	4335984174	6
4988702289	4988702289	4042917917	4042917917	6
4995893236	4995893236	4047665789	4047665789	6
5006792545	5006792545	4017482299	4017482299	6
5023666444	5023666444	4034579650	4034579650	6
5005001930	5005001930	4016294356	4016294356	6
5004390201	5004390201	4035512092	4035512092	6
5004341297	5004341297	4035568623	4035568623	6
5004100620	5004100620	4035722562	4035722562	6
5003337351	5003337351	4036469057	4036469057	6
5002891423	5002891423	4036700457	4036700457	6
5002713820	5002713820	4021434497	4021434497	6
5002058568	5002058568	4021105275	4021105275	6
5025384563	5025384563	4021749736	4021749736	6
4874888167	4874888167	4341875890	4341875890	6
4871721752	4871721752	4340815647	4340815647	6
4883420159	4883420159	4340690076	4340690076	6
4891189277	4891189277	4335887100	4335887100	6
3650701745	3650701745	3202021056	3202021056	6
4906604116	4906604116	4357878907	4357878907	6
2440176585	2440176585	4434006990	4434006990	6
1925316504	1925316504	3695775990	3695775990	6
2019179759	2019179759	3827382372	3827382372	6
2018185635	2018185635	3826598472	3826598472	6
2017943077	2017943077	3826378140	3826378140	6
2017393728	2017393728	3825770207	3825770207	6
2014441412	2014441412	3820994765	3820994765	6
2000990910	2000990910	3801066675	3801066675	6
1994290019	1994290019	3795625668	3795625668	6
894512066	894512066	457939548	457939548	6
1924630136	1924630136	3695099600	3695099600	6
2461932638	2461932638	4407570523	4407570523	6
1928246135	1928246135	3699256655	3699256655	6
1928542892	1928542892	3699584312	3699584312	6
1931524661	1931524661	3702900167	3702900167	6
1935519198	1935519198	3707485041	3707485041	6
1935750414	1935750414	3707702376	3707702376	6
1950509094	1950509094	3723032063	3723032063	6
1951722478	1951722478	3724099722	3724099722	6
2476950574	2476950574	4423754990	4423754990	6
2466073901	2466073901	4410703574	4410703574	6
4905895894	4905895894	4357223657	4357223657	6
2461704586	2461704586	4407395966	4407395966	6
3599242717	3599242717	3336004576	3336004576	6
2460307997	2460307997	4406346144	4406346144	6
505416127	505416127	766290394	766290394	6
507603849	507603849	764220032	764220032	6
505047634	505047634	767101382	767101382	6
3594727089	3594727089	3338919397	3338919397	6
483710379	483710379	808197303	808197303	6
485285068	485285068	809857132	809857132	6
3600221076	3600221076	3335059028	3335059028	6
505293730	505293730	766407976	766407976	6
3597398646	3597398646	3337087599	3337087599	6
3613707228	3613707228	3327760574	3327760574	6
3623725213	3623725213	3316844431	3316844431	6
3623807739	3623807739	3316738046	3316738046	6
3624203064	3624203064	3316487143	3316487143	6
3637042687	3637042687	3214403446	3214403446	6
3637481328	3637481328	3214029514	3214029514	6
3604464787	3604464787	3332060400	3332060400	6
1815660521	1815660521	2532850846	2532850846	5
1842957088	1842957088	2501462654	2501462654	5
1840755787	1840755787	2503549123	2503549123	5
1792584899	1792584899	2561327627	2561327627	5
1809367831	1809367831	2538938747	2538938747	5
1807126358	1807126358	2541835984	2541835984	5
1850575541	1850575541	2492103370	2492103370	5
1791511244	1791511244	2562315971	2562315971	5
1849147039	1849147039	2493507345	2493507345	5
1876713859	1876713859	3666410009	3666410009	5
1857494488	1857494488	2484983094	2484983094	5
1859076161	1859076161	2482919528	2482919528	5
1866879606	1866879606	2470245486	2470245486	5
1884092592	1884092592	3658593661	3658593661	5
1885392991	1885392991	3657167962	3657167962	5
1886140065	1886140065	3656268821	3656268821	5
1887652632	1887652632	3654924305	3654924305	5
1778025542	1778025542	2580411629	2580411629	5
1895250843	1895250843	3646744777	3646744777	5
1900825687	1900825687	3639725929	3639725929	5
1778187833	1778187833	2580062509	2580062509	5
1970876356	1970876356	3745520384	3745520384	5
1776819782	1776819782	2581596401	2581596401	5
1772537604	1772537604	2585802278	2585802278	5
1287396126	1287396126	387530495	387530495	5
1191302598	1191302598	336994892	336994892	5
1308957723	1308957723	413290044	413290044	5
1315180538	1315180538	421099679	421099679	5
1316432218	1316432218	422402230	422402230	5
1325568455	1325568455	433494982	433494982	5
1325731292	1325731292	433689230	433689230	5
2450810264	2450810264	4425698147	4425698147	5
1979511732	1979511732	3754019511	3754019511	5
2455284482	2455284482	4417896323	4417896323	5
2457735654	2457735654	4416273260	4416273260	5
1969030250	1969030250	3743014723	3743014723	5
1646469796	1646469796	2729408784	2729408784	5
1647363546	1647363546	2728668181	2728668181	5
1642779199	1642779199	2733762047	2733762047	5
1718987300	1718987300	2644301997	2644301997	5
1725981653	1725981653	2635965253	2635965253	5
1750559578	1750559578	2610005858	2610005858	5
1766286747	1766286747	2592540968	2592540968	5
1309555723	1309555723	413964099	413964099	5
