start1	end1	start2	end2	col
3538087993	3538087993	2370162691	2370162691	28
3565771628	3565771628	2304322248	2304322248	28
2845883787	2845883787	4441925435	4441925435	28
931630682	931630682	613813219	613813219	28
928441279	928441279	610437687	610437687	28
926745638	926745638	608514953	608514953	28
912487451	912487451	594179063	594179063	28
885042944	885042944	566094468	566094468	28
884178386	884178386	565203158	565203158	28
3540196838	3540196838	2372234766	2372234766	28
895992096	895992096	577259075	577259075	28
3586150935	3586150935	2348308293	2348308293	28
3623711225	3623711225	2315346785	2315346785	28
3628269135	3628269135	2310347009	2310347009	28
3574820973	3574820973	2299951865	2299951865	28
3572415920	3572415920	2300456215	2300456215	28
3538438017	3538438017	2370453068	2370453068	28
3624394343	3624394343	2314606877	2314606877	28
3587576946	3587576946	2349783563	2349783563	28
1627209367	1627209367	257738174	257738174	27
3879901409	3879901409	3613463538	3613463538	27
3876094611	3876094611	3617423019	3617423019	27
3876049548	3876049548	3617448199	3617448199	27
3875992007	3875992007	3617487414	3617487414	27
3879257310	3879257310	3614215238	3614215238	27
1623893269	1623893269	261447381	261447381	27
1623940884	1623940884	261386491	261386491	27
1627192691	1627192691	257759345	257759345	27
3839024507	3839024507	3592620513	3592620513	27
1629796389	1629796389	254883626	254883626	27
1635507665	1635507665	248660501	248660501	27
1637287508	1637287508	246752024	246752024	27
1544134174	1544134174	204446059	204446059	27
1541413698	1541413698	201884092	201884092	27
1540656722	1540656722	201088567	201088567	27
1353248493	1353248493	76163488	76163488	27
1375753059	1375753059	97815891	97815891	27
1632470315	1632470315	251928166	251928166	27
849189345	849189345	527561233	527561233	26
819554330	819554330	497120813	497120813	26
833048116	833048116	510321047	510321047	26
839600859	839600859	517198844	517198844	26
844680412	844680412	522700051	522700051	26
846602617	846602617	524815094	524815094	26
2541305942	2541305942	2072849004	2072849004	26
855086664	855086664	533886805	533886805	26
859505205	859505205	538662805	538662805	26
863601311	863601311	542985397	542985397	26
870605620	870605620	550504600	550504600	26
859149147	859149147	538314759	538314759	26
3775476453	3775476453	1964784577	1964784577	25
4194315320	4194315320	3847018271	3847018271	25
4196182889	4196182889	3826577671	3826577671	25
4198608276	4198608276	3829938867	3829938867	25
4161399900	4161399900	3830603116	3830603116	25
4154596235	4154596235	3837353024	3837353024	25
4157111950	4157111950	3822282681	3822282681	25
2762233321	2762233321	1912329328	1912329328	25
2783210548	2783210548	1934718567	1934718567	25
2789159470	2789159470	1941323164	1941323164	25
2832231413	2832231413	4453328879	4453328879	25
3337067802	3337067802	2836045127	2836045127	25
2830284530	2830284530	4455455473	4455455473	25
4210595438	4210595438	3890602058	3890602058	25
4213592092	4213592092	3893619848	3893619848	25
4213846084	4213846084	3893796278	3893796278	25
4184380697	4184380697	3850984005	3850984005	25
4143104864	4143104864	3848701892	3848701892	25
4177338502	4177338502	3863557513	3863557513	25
4142027862	4142027862	3849763349	3849763349	25
4209584699	4209584699	3889643891	3889643891	25
4210041529	4210041529	3890062157	3890062157	25
4168201068	4168201068	3872225101	3872225101	25
4171573361	4171573361	3869062892	3869062892	25
4173325873	4173325873	3867192081	3867192081	25
4208426667	4208426667	3888145345	3888145345	25
4348355312	4348355312	3908200487	3908200487	25
4193177479	4193177479	3847605830	3847605830	25
4191392868	4191392868	3857637956	3857637956	25
4184638874	4184638874	3851215499	3851215499	25
4191080106	4191080106	3857319361	3857319361	25
4481397220	4481397220	4104648180	4104648180	24
4465053331	4465053331	4110524152	4110524152	24
4466428276	4466428276	4111980943	4111980943	24
4480757522	4480757522	4113395880	4113395880	24
4484785717	4484785717	4115160910	4115160910	24
248234117	248234117	1457773418	1457773418	23
222545453	222545453	1485413961	1485413961	23
250387423	250387423	1455472363	1455472363	23
224072998	224072998	1483748227	1483748227	23
248174920	248174920	1457861322	1457861322	23
228542113	228542113	1479164649	1479164649	23
224176033	224176033	1483641913	1483641913	23
218103087	218103087	1490536719	1490536719	23
222184687	222184687	1485593463	1485593463	23
384065708	384065708	1319142533	1319142533	23
4812581686	4812581686	3232050620	3232050620	23
5177710352	5177710352	4814326107	4814326107	23
383194059	383194059	1320440066	1320440066	23
386475171	386475171	1316833188	1316833188	23
271818153	271818153	1433878674	1433878674	23
278414858	278414858	1426601830	1426601830	23
439454320	439454320	1265798691	1265798691	23
5165599336	5165599336	4758582477	4758582477	23
2071216159	2071216159	3516875789	3516875789	22
2068481640	2068481640	3514193435	3514193435	22
2068458507	2068458507	3514163708	3514163708	22
2072391404	2072391404	3518105474	3518105474	22
2071403565	2071403565	3517075125	3517075125	22
2069822701	2069822701	3515423135	3515423135	22
2071141492	2071141492	3516803202	3516803202	22
2070094920	2070094920	3515706120	3515706120	22
2070010686	2070010686	3515617254	3515617254	22
4225709299	4225709299	3734602054	3734602054	22
4256821950	4256821950	3727452161	3727452161	22
4256291835	4256291835	3728061399	3728061399	22
4437221182	4437221182	4089564886	4089564886	22
4256974738	4256974738	3727429082	3727429082	22
4246512395	4246512395	3742948562	3742948562	22
4236514694	4236514694	3751887615	3751887615	22
4259148772	4259148772	3725234976	3725234976	22
4257821734	4257821734	3726597566	3726597566	22
4258689345	4258689345	3725684414	3725684414	22
4245194109	4245194109	3741558706	3741558706	22
4435760318	4435760318	4091314624	4091314624	22
4443374351	4443374351	4073808842	4073808842	22
4444544315	4444544315	4075000555	4075000555	22
4802092870	4802092870	3220141445	3220141445	21
4781507852	4781507852	3252992581	3252992581	21
4790468654	4790468654	3244670987	3244670987	21
4790933593	4790933593	3244249767	3244249767	21
4796795224	4796795224	3238404070	3238404070	21
4804059371	4804059371	3222114949	3222114949	21
4812542340	4812542340	3232164853	3232164853	21
4811715012	4811715012	3233014759	3233014759	21
4807753764	4807753764	3226685946	3226685946	21
4812506703	4812506703	3232210031	3232210031	21
4800654373	4800654373	3235121537	3235121537	21
4644233056	4644233056	3319457564	3319457564	21
4805541243	4805541243	3223733173	3223733173	21
4747762138	4747762138	3288652677	3288652677	21
4747652032	4747652032	3288900490	3288900490	21
4732824793	4732824793	3303219332	3303219332	21
4727634514	4727634514	3308550550	3308550550	21
4806241317	4806241317	3224644072	3224644072	21
1719385992	1719385992	4489902852	4489902852	20
3494345656	3494345656	3127102244	3127102244	20
3488858782	3488858782	3155787861	3155787861	20
3488240643	3488240643	3156345979	3156345979	20
3480948072	3480948072	3163728673	3163728673	20
3483567120	3483567120	3161090915	3161090915	20
974702415	974702415	657871066	657871066	20
2079530297	2079530297	3525481403	3525481403	20
1690530118	1690530118	2380940988	2380940988	20
1718956921	1718956921	4489438704	4489438704	20
1690175639	1690175639	2380655128	2380655128	20
1690418993	1690418993	2380791677	2380791677	20
1690637709	1690637709	2380985978	2380985978	20
3505408043	3505408043	3138141003	3138141003	20
3505285451	3505285451	3138040563	3138040563	20
3495834517	3495834517	3128636011	3128636011	20
3494377567	3494377567	3127150380	3127150380	20
3503195476	3503195476	3135840328	3135840328	20
3497886390	3497886390	3130761711	3130761711	20
3521225026	3521225026	3114089708	3114089708	20
3508600287	3508600287	3142861366	3142861366	20
3468519839	3468519839	3176303168	3176303168	20
3467487386	3467487386	3177453757	3177453757	20
3467407957	3467407957	3177582173	3177582173	20
3478318075	3478318075	3166373967	3166373967	20
3519135780	3519135780	3111843275	3111843275	20
3517036793	3517036793	3117951062	3117951062	20
3469147335	3469147335	3175668029	3175668029	20
3523788860	3523788860	3120374547	3120374547	20
3526441072	3526441072	3150264107	3150264107	20
3438278933	3438278933	3207960105	3207960105	20
3444004035	3444004035	3202217782	3202217782	20
3513678766	3513678766	3148334172	3148334172	20
3513472679	3513472679	3148119011	3148119011	20
3526361610	3526361610	3150187210	3150187210	20
1738107365	1738107365	4665258881	4665258881	19
1901958572	1901958572	4516979901	4516979901	19
1768787834	1768787834	4652078695	4652078695	19
1765621701	1765621701	4655207419	4655207419	19
1732810531	1732810531	4659444287	4659444287	19
1733139409	1733139409	4659778105	4659778105	19
1745332474	1745332474	4672698451	4672698451	19
1743265279	1743265279	4670545055	4670545055	19
1744672572	1744672572	4672023668	4672023668	19
1933875979	1933875979	2433463167	2433463167	19
1865161756	1865161756	4554366029	4554366029	19
1873490074	1873490074	4545661780	4545661780	19
2462608546	2462608546	2632852934	2632852934	19
1906442550	1906442550	4512056227	4512056227	19
1905832029	1905832029	4512750509	4512750509	19
1855674794	1855674794	4564307317	4564307317	19
1906572994	1906572994	4511852053	4511852053	19
1818801275	1818801275	4600274271	4600274271	19
1763534012	1763534012	4474469116	4474469116	19
1789277871	1789277871	4631100773	4631100773	19
1798385541	1798385541	4621832029	4621832029	19
1808954424	1808954424	4610361280	4610361280	19
1817395707	1817395707	4601704230	4601704230	19
1816863982	1816863982	4602409509	4602409509	19
1822401600	1822401600	4596896920	4596896920	19
1823157089	1823157089	4596121091	4596121091	19
1848449208	1848449208	4572075680	4572075680	19
1852273710	1852273710	4568088854	4568088854	19
1853222158	1853222158	4566904519	4566904519	19
1855397620	1855397620	4564586001	4564586001	19
1159446252	1159446252	849686446	849686446	18
1157175810	1157175810	847240277	847240277	18
1152400083	1152400083	841944393	841944393	18
1151165080	1151165080	840595839	840595839	18
1144253925	1144253925	832859368	832859368	18
1135652622	1135652622	823425409	823425409	18
1091070525	1091070525	778864266	778864266	18
1165937426	1165937426	856972671	856972671	18
1173365003	1173365003	864599120	864599120	18
1184813624	1184813624	876663258	876663258	18
1185071052	1185071052	877011239	877011239	18
1189012645	1189012645	881312222	881312222	18
1197584699	1197584699	890323876	890323876	18
1117590730	1117590730	805005631	805005631	18
1138089895	1138089895	826112162	826112162	18
1083962634	1083962634	771057753	771057753	18
1013883276	1013883276	700629206	700629206	18
998718212	998718212	684108926	684108926	18
1007812194	1007812194	694032628	694032628	18
1007986962	1007986962	694245925	694245925	18
1008371682	1008371682	694667771	694667771	18
1013853522	1013853522	700590947	700590947	18
1000930376	1000930376	686484304	686484304	18
1033697212	1033697212	721376713	721376713	18
1035244265	1035244265	723040504	723040504	18
1044252691	1044252691	732590832	732590832	18
1063407334	1063407334	751228991	751228991	18
1077661937	1077661937	764400123	764400123	18
1079832195	1079832195	766613087	766613087	18
1483502524	1483502524	347409552	347409552	17
1451456196	1451456196	173199787	173199787	17
1462863586	1462863586	326930023	326930023	17
1464039488	1464039488	328103179	328103179	17
1474361662	1474361662	338489554	338489554	17
1477131433	1477131433	341248573	341248573	17
1511215023	1511215023	237014161	237014161	17
1503297310	1503297310	443407286	443407286	17
1510296742	1510296742	315684495	315684495	17
1511373409	1511373409	237194945	237194945	17
1605554473	1605554473	281494224	281494224	17
1443484647	1443484647	164704377	164704377	17
1444480131	1444480131	165683863	165683863	17
1568958789	1568958789	230873130	230873130	17
1441355680	1441355680	162425642	162425642	17
1427328453	1427328453	148360349	148360349	17
1353118499	1353118499	76022940	76022940	17
1587292798	1587292798	301565143	301565143	17
1548404420	1548404420	209097375	209097375	17
1558989414	1558989414	220370909	220370909	17
1607708321	1607708321	279308778	279308778	17
1638769127	1638769127	244795326	244795326	17
1646763034	1646763034	426140751	426140751	17
1516465211	1516465211	175234630	175234630	17
1515086924	1515086924	173668783	173668783	17
1581710471	1581710471	307540071	307540071	17
1605814141	1605814141	281346856	281346856	17
1508031370	1508031370	438212937	438212937	17
1611645407	1611645407	274859728	274859728	17
3847233661	3847233661	3600393975	3600393975	17
3842808581	3842808581	3596387631	3596387631	17
3871551279	3871551279	3621708008	3621708008	17
3871651923	3871651923	3621644782	3621644782	17
3858231767	3858231767	3611081498	3611081498	17
3858079530	3858079530	3610955883	3610955883	17
3854029772	3854029772	3607276951	3607276951	17
3851683075	3851683075	3604926438	3604926438	17
3850806338	3850806338	3604026260	3604026260	17
3849846114	3849846114	3603013882	3603013882	17
3846192659	3846192659	3599383663	3599383663	17
3846792869	3846792869	3599996422	3599996422	17
3847138872	3847138872	3600299458	3600299458	17
3871405031	3871405031	3621809326	3621809326	17
3847753313	3847753313	3600891643	3600891643	17
3845653224	3845653224	3598847184	3598847184	17
3887284969	3887284969	3638884080	3638884080	17
3841344932	3841344932	3594835415	3594835415	17
3848760127	3848760127	3601883433	3601883433	17
3849340826	3849340826	3602480712	3602480712	17
3842728987	3842728987	3596307035	3596307035	17
3844355400	3844355400	3597487307	3597487307	17
3844070424	3844070424	3597220719	3597220719	17
3890671547	3890671547	3649028679	3649028679	17
3896948139	3896948139	3655498187	3655498187	17
3887727242	3887727242	3639335258	3639335258	17
1999841872	1999841872	4509552384	4509552384	16
1968558082	1968558082	2409163315	2409163315	16
1700890146	1700890146	2389086463	2389086463	16
1958191638	1958191638	4511086728	4511086728	16
1961025897	1961025897	4509624315	4509624315	16
1703822680	1703822680	4504317730	4504317730	16
1999778788	1999778788	4509510496	4509510496	16
1712449814	1712449814	4498752921	4498752921	16
1703901660	1703901660	4504092380	4504092380	16
1705109331	1705109331	4503000185	4503000185	16
1714992952	1714992952	4484890411	4484890411	16
1975718506	1975718506	2403701170	2403701170	16
1974009483	1974009483	2405217440	2405217440	16
1929145393	1929145393	2437605439	2437605439	16
1984141893	1984141893	2397376096	2397376096	16
3343019830	3343019830	2841726916	2841726916	16
1928490832	1928490832	2438179954	2438179954	16
1928932945	1928932945	2437783846	2437783846	16
1929046438	1929046438	2437668044	2437668044	16
1688944353	1688944353	2379646823	2379646823	16
1948485827	1948485827	2421401465	2421401465	16
1947971746	1947971746	2421673398	2421673398	16
1947840155	1947840155	2421881695	2421881695	16
1693088175	1693088175	2382922387	2382922387	16
1911394973	1911394973	2459141971	2459141971	16
1712064195	1712064195	4498357607	4498357607	16
1712217138	1712217138	4498515982	4498515982	16
1939492058	1939492058	2428792159	2428792159	16
1711712074	1711712074	4498021919	4498021919	16
4374405113	4374405113	4019727036	4019727036	16
1968956720	1968956720	2409034696	2409034696	16
4394979494	4394979494	3991741402	3991741402	16
4391967843	4391967843	3998178347	3998178347	16
4402014600	4402014600	3997759160	3997759160	16
4391987222	4391987222	3998194104	3998194104	16
4387673111	4387673111	4007286058	4007286058	16
4380316488	4380316488	4014827641	4014827641	16
4380207474	4380207474	4014950938	4014950938	16
4370825186	4370825186	4023052626	4023052626	16
4370873667	4370873667	4022948187	4022948187	16
4371353860	4371353860	4022450874	4022450874	16
4371876471	4371876471	4021905943	4021905943	16
4395147848	4395147848	3991564825	3991564825	16
4374374799	4374374799	4019745426	4019745426	16
1230402784	1230402784	924132706	924132706	16
4378666667	4378666667	4016264597	4016264597	16
1987230087	1987230087	2394865314	2394865314	16
1264808644	1264808644	961925584	961925584	16
1244332749	1244332749	939504409	939504409	16
1272942076	1272942076	3505714502	3505714502	16
1230344234	1230344234	924066678	924066678	16
1230282477	1230282477	924015933	924015933	16
1229530039	1229530039	923224919	923224919	16
1208428709	1208428709	901809706	901809706	16
1205673811	1205673811	898969219	898969219	16
2392305966	2392305966	2563389926	2563389926	15
2260933591	2260933591	2528317783	2528317783	15
2392327584	2392327584	2563412991	2563412991	15
2363916461	2363916461	2463999346	2463999346	15
2387599329	2387599329	2559093190	2559093190	15
2386932236	2386932236	2558476722	2558476722	15
2382844518	2382844518	2554306301	2554306301	15
2384919786	2384919786	2556480661	2556480661	15
2385557579	2385557579	2557096980	2557096980	15
2225986594	2225986594	2494502498	2494502498	15
2209682197	2209682197	2479089598	2479089598	15
2251969549	2251969549	2519423188	2519423188	15
2259804335	2259804335	2527153189	2527153189	15
2259619733	2259619733	2526985118	2526985118	15
2258567406	2258567406	2526141263	2526141263	15
2254222746	2254222746	2521766629	2521766629	15
2252683133	2252683133	2520098271	2520098271	15
2243348656	2243348656	2510909635	2510909635	15
2370233289	2370233289	2542603815	2542603815	15
510346616	510346616	1043552430	1043552430	15
520063477	520063477	1053496129	1053496129	15
2398560889	2398560889	2570112499	2570112499	15
2368298327	2368298327	2541789831	2541789831	15
2251912628	2251912628	2519297158	2519297158	15
2395143588	2395143588	2566398030	2566398030	15
2421560363	2421560363	2593745701	2593745701	15
2365288952	2365288952	2462909907	2462909907	15
2450036015	2450036015	2622473058	2622473058	15
2447181157	2447181157	2619753496	2619753496	15
2444126567	2444126567	2616966234	2616966234	15
2437463516	2437463516	2609839593	2609839593	15
2435442678	2435442678	2607623399	2607623399	15
2434457335	2434457335	2606647242	2606647242	15
2424960241	2424960241	2597097738	2597097738	15
2424654895	2424654895	2596798623	2596798623	15
2422771839	2422771839	2595014740	2595014740	15
2449844139	2449844139	2622272346	2622272346	15
2418020203	2418020203	2590021877	2590021877	15
2404460315	2404460315	2576367625	2576367625	15
2415149234	2415149234	2587190266	2587190266	15
2398949496	2398949496	2570502665	2570502665	15
2401579153	2401579153	2573350634	2573350634	15
2399060295	2399060295	2570624917	2570624917	15
2404862537	2404862537	2576749442	2576749442	15
2412310745	2412310745	2584246237	2584246237	15
2413358547	2413358547	2585388743	2585388743	15
2413964085	2413964085	2585981234	2585981234	15
3928168410	3928168410	3339896388	3339896388	14
4927089922	4927089922	5130964820	5130964820	14
4926799545	4926799545	5130647675	5130647675	14
288339858	288339858	1416108169	1416108169	14
4932802460	4932802460	5137035655	5137035655	14
4932529356	4932529356	5136722840	5136722840	14
282770646	282770646	1421983687	1421983687	14
4905664116	4905664116	5109828562	5109828562	14
4906515435	4906515435	5110639731	5110639731	14
4988209331	4988209331	4985467904	4985467904	14
4988331162	4988331162	4985593208	4985593208	14
5010757551	5010757551	5007791431	5007791431	14
5135461510	5135461510	4861193917	4861193917	14
4915120914	4915120914	5119356753	5119356753	14
5043381085	5043381085	5041243841	5041243841	14
5043497974	5043497974	5041363795	5041363795	14
5044681530	5044681530	5042669820	5042669820	14
4317453825	4317453825	3658765550	3658765550	14
4325661895	4325661895	3664713808	3664713808	14
4323657825	4323657825	3663549741	3663549741	14
4309393328	4309393328	3673997780	3673997780	14
4301484780	4301484780	3682333473	3682333473	14
4286195136	4286195136	3694697545	3694697545	14
4323040879	4323040879	3663025882	3663025882	14
4321896172	4321896172	3662128151	3662128151	14
4276334238	4276334238	3700832520	3700832520	14
4276211761	4276211761	3700707925	3700707925	14
4275495791	4275495791	3699962775	3699962775	14
4295928196	4295928196	3699250005	3699250005	14
4329022547	4329022547	3686816616	3686816616	14
4302659824	4302659824	3680967466	3680967466	14
4303133155	4303133155	3680547721	3680547721	14
4304500378	4304500378	3679180033	3679180033	14
4303917817	4303917817	3679799331	3679799331	14
4294554976	4294554976	3667266197	3667266197	14
4290915278	4290915278	3690272772	3690272772	14
4303073945	4303073945	3680623445	3680623445	14
4286205255	4286205255	3694632331	3694632331	14
137402611	137402611	1575496330	1575496330	13
93636879	93636879	1621733987	1621733987	13
980874715	980874715	664722805	664722805	13
108429926	108429926	1605837148	1605837148	13
132147490	132147490	1581195375	1581195375	13
134036609	134036609	1579128413	1579128413	13
154005287	154005287	1558350578	1558350578	13
141235901	141235901	1571878820	1571878820	13
148384968	148384968	1564453779	1564453779	13
154172929	154172929	1558221525	1558221525	13
178827070	178827070	1531813657	1531813657	13
86032185	86032185	1629690023	1629690023	13
91082989	91082989	1624332313	1624332313	13
55371302	55371302	1661097757	1661097757	13
67238257	67238257	1648151275	1648151275	13
65656802	65656802	1650076593	1650076593	13
63067187	63067187	1652868614	1652868614	13
62650996	62650996	1653353736	1653353736	13
61548278	61548278	1654308347	1654308347	13
60288716	60288716	1655799225	1655799225	13
60167225	60167225	1655875234	1655875234	13
55705728	55705728	1660655594	1660655594	13
52080356	52080356	1664744866	1664744866	13
51934135	51934135	1664814524	1664814524	13
39037105	39037105	1678150433	1678150433	13
37992468	37992468	1679329329	1679329329	13
196174929	196174929	1513674240	1513674240	13
180753189	180753189	1529705281	1529705281	13
4502909733	4502909733	3944350740	3944350740	13
2748890157	2748890157	2283806533	2283806533	13
4510157081	4510157081	3946902799	3946902799	13
4510227993	4510227993	3946878240	3946878240	13
3074337500	3074337500	4328447696	4328447696	13
2961292155	2961292155	4231967355	4231967355	13
1676638044	1676638044	4145309447	4145309447	13
2065431130	2065431130	3531695942	3531695942	12
2047943378	2047943378	3548718476	3548718476	12
557539694	557539694	1091146161	1091146161	12
557474646	557474646	1091077939	1091077939	12
594050970	594050970	1127345681	1127345681	12
593930488	593930488	1127208121	1127208121	12
587569102	587569102	1120452670	1120452670	12
2034083600	2034083600	3584312757	3584312757	12
2047304896	2047304896	3568623879	3568623879	12
2061789940	2061789940	3535344921	3535344921	12
2048017939	2048017939	3548698805	3548698805	12
2048175595	2048175595	3548511639	3548511639	12
559464574	559464574	1093157890	1093157890	12
2060642925	2060642925	3536631476	3536631476	12
2060526712	2060526712	3536725387	3536725387	12
2060471892	2060471892	3536858666	3536858666	12
2056577455	2056577455	3540836659	3540836659	12
2054686235	2054686235	3542169694	3542169694	12
558094020	558094020	1091643513	1091643513	12
600036832	600036832	1133630898	1133630898	12
564222936	564222936	1096701960	1096701960	12
1386208472	1386208472	107941765	107941765	12
493188595	493188595	1026713850	1026713850	12
488066507	488066507	1021485094	1021485094	12
568102763	568102763	1100733530	1100733530	12
1573811504	1573811504	235973204	235973204	12
1287486270	1287486270	6572561	6572561	12
1287593655	1287593655	6763603	6763603	12
1284879961	1284879961	2333464	2333464	12
1378675273	1378675273	100920313	100920313	12
483614927	483614927	1016999866	1016999866	12
1388799298	1388799298	110531111	110531111	12
1409973219	1409973219	131056858	131056858	12
1348423500	1348423500	71113444	71113444	12
1344798160	1344798160	67338426	67338426	12
1339616352	1339616352	62063176	62063176	12
2048543841	2048543841	3548060801	3548060801	12
1402081985	1402081985	122964564	122964564	12
4880584776	4880584776	4939339031	4939339031	10
4089206912	4089206912	3472655187	3472655187	10
4089913989	4089913989	3471941460	3471941460	10
4090824340	4090824340	3471006240	3471006240	10
3763566720	3763566720	1807605981	1807605981	10
4893151571	4893151571	5096853635	5096853635	10
4901299018	4901299018	5105374555	5105374555	10
5068832838	5068832838	5067960352	5067960352	10
4880246909	4880246909	4939608454	4939608454	10
4831185280	4831185280	5162456177	5162456177	10
5068516639	5068516639	5067672821	5067672821	10
5063220159	5063220159	5062053854	5062053854	10
5058429463	5058429463	5043747211	5043747211	10
4108360316	4108360316	3448039995	3448039995	10
4095729584	4095729584	3465852719	3465852719	10
4074212206	4074212206	3481787244	3481787244	10
4108329130	4108329130	3447965490	3447965490	10
4053669745	4053669745	3507942635	3507942635	10
5053462044	5053462044	5049056454	5049056454	10
4061631810	4061631810	3500244935	3500244935	10
4061852986	4061852986	3500021084	3500021084	10
4118306301	4118306301	3428700645	3428700645	10
4111845414	4111845414	3435542358	3435542358	10
4112048257	4112048257	3435287917	3435287917	10
4100860956	4100860956	3460917658	3460917658	10
4088120599	4088120599	3473752511	3473752511	10
4099108848	4099108848	3462626257	3462626257	10
4891017152	4891017152	5095057344	5095057344	10
4075118253	4075118253	3482721631	3482721631	10
4075525936	4075525936	3483140745	3483140745	10
4081088793	4081088793	3488697323	3488697323	10
4084754932	4084754932	3477199293	3477199293	10
5056269475	5056269475	5046090726	5046090726	10
4055003515	4055003515	3506656138	3506656138	10
5075145058	5075145058	5074597739	5074597739	10
346770730	346770730	1354156099	1354156099	10
4954020127	4954020127	4925475274	4925475274	10
442370765	442370765	1268605704	1268605704	10
5080425739	5080425739	5080182466	5080182466	10
663235359	663235359	1270621920	1270621920	10
329657740	329657740	1372745037	1372745037	10
329942330	329942330	1372360242	1372360242	10
330023723	330023723	1372288543	1372288543	10
336249287	336249287	1365540686	1365540686	10
301288253	301288253	1402424649	1402424649	10
348739282	348739282	1352414711	1352414711	10
379929591	379929591	1323615339	1323615339	10
5108623124	5108623124	4889054527	4889054527	10
5104655007	5104655007	4894335380	4894335380	10
5093534915	5093534915	4905504706	4905504706	10
5089905904	5089905904	4909192673	4909192673	10
5082977000	5082977000	4915384631	4915384631	10
349227064	349227064	1351881211	1351881211	10
3108176162	3108176162	4386138131	4386138131	9
1687334168	1687334168	4407017492	4407017492	9
1664940699	1664940699	4353075419	4353075419	9
1653064346	1653064346	4361090199	4361090199	9
3135540468	3135540468	4361970818	4361970818	9
3114489190	3114489190	4380075463	4380075463	9
3007074673	3007074673	4278190148	4278190148	9
3104391941	3104391941	4389943448	4389943448	9
3009591838	3009591838	4280405380	4280405380	9
3007764188	3007764188	4278882522	4278882522	9
2988724245	2988724245	4260212786	4260212786	9
3069269345	3069269345	4333231019	4333231019	9
2970341267	2970341267	4241220091	4241220091	9
3000060984	3000060984	4271381145	4271381145	9
2944787246	2944787246	4215105346	4215105346	9
3061260006	3061260006	4339954934	4339954934	9
2933193808	2933193808	4203938540	4203938540	9
2850980343	2850980343	4436596047	4436596047	9
2860724095	2860724095	4426955596	4426955596	9
2861128198	2861128198	4426709099	4426709099	9
2861483466	2861483466	4426299508	4426299508	9
3058546252	3058546252	4342137036	4342137036	9
2880499773	2880499773	4152940551	4152940551	9
2880456183	2880456183	4152897129	4152897129	9
2893158731	2893158731	4166054887	4166054887	9
2928060527	2928060527	4198670766	4198670766	9
2928380915	2928380915	4198990337	4198990337	9
2929831908	2929831908	4200479677	4200479677	9
2933105068	2933105068	4203847717	4203847717	9
2861886670	2861886670	4425855816	4425855816	9
2943104995	2943104995	4213370487	4213370487	9
3136843061	3136843061	4139057887	4139057887	9
2943323399	2943323399	4213613344	4213613344	9
3053853107	3053853107	4345941707	4345941707	9
3138683046	3138683046	4140825402	4140825402	9
1677359975	1677359975	4144678786	4144678786	9
1675936079	1675936079	4135835706	4135835706	9
1681669772	1681669772	4412857765	4412857765	9
3033424745	3033424745	4305140901	4305140901	9
2950054660	2950054660	4220570953	4220570953	9
3061956936	3061956936	4339392230	4339392230	9
2944757900	2944757900	4215074436	4215074436	9
2951783745	2951783745	4222357011	4222357011	9
4009425772	4009425772	3369790540	3369790540	8
3250289172	3250289172	3107368743	3107368743	8
3343434530	3343434530	2995993077	2995993077	8
2031514534	2031514534	3581892379	3581892379	8
658821361	658821361	1246315001	1246315001	8
658969450	658969450	1246465259	1246465259	8
4011445381	4011445381	3367597795	3367597795	8
4011176618	4011176618	3367860107	3367860107	8
2333986591	2333986591	2691293653	2691293653	8
2326230706	2326230706	2683366175	2683366175	8
2334783367	2334783367	2692042176	2692042176	8
762322135	762322135	421700794	421700794	8
769602357	769602357	386275842	386275842	8
771630575	771630575	388568853	388568853	8
731148584	731148584	463007478	463007478	8
748751857	748751857	400015695	400015695	8
769903550	769903550	386635689	386635689	8
657470797	657470797	1244926659	1244926659	8
3258684172	3258684172	3101325145	3101325145	8
3999208175	3999208175	3381397823	3381397823	8
4001111597	4001111597	3379272960	3379272960	8
449349487	449349487	979567382	979567382	8
661803997	661803997	1241625451	1241625451	8
653542544	653542544	1240780871	1240780871	8
471427381	471427381	1004213475	1004213475	8
707017955	707017955	1226133291	1226133291	8
711743874	711743874	1231904527	1231904527	8
632785570	632785570	1168935788	1168935788	8
615833206	615833206	1150831909	1150831909	8
648330522	648330522	1186998056	1186998056	8
648777628	648777628	1250400955	1250400955	8
4001169903	4001169903	3379173778	3379173778	8
4003459877	4003459877	3376662054	3376662054	8
4003435271	4003435271	3376583702	3376583702	8
3916148227	3916148227	3338392018	3338392018	8
4000388799	4000388799	3379914416	3379914416	8
3954842738	3954842738	3423141769	3423141769	8
3960672421	3960672421	3419335673	3419335673	8
3963970783	3963970783	3416497315	3416497315	8
3998958515	3998958515	3381546498	3381546498	8
3929031110	3929031110	3341094058	3341094058	8
745501445	745501445	403725626	403725626	8
3930086975	3930086975	3342138053	3342138053	8
811494490	811494490	405698426	405698426	8
810751390	810751390	406497946	406497946	8
810640041	810640041	406550471	406550471	8
787502105	787502105	367435160	367435160	8
792013966	792013966	372298605	372298605	8
802206292	802206292	415653566	415653566	8
802455814	802455814	415429537	415429537	8
804531228	804531228	413119157	413119157	8
781825595	781825595	361269635	361269635	8
785684262	785684262	365482773	365482773	8
733904024	733904024	465986241	465986241	8
734273366	734273366	466426353	466426353	8
3979771190	3979771190	3401427919	3401427919	8
3983447448	3983447448	3397649661	3397649661	8
3988932986	3988932986	3391666794	3391666794	8
3989344634	3989344634	3391498023	3391498023	8
3952493247	3952493247	3364351657	3364351657	8
3936244706	3936244706	3348458373	3348458373	8
3933477188	3933477188	3345554851	3345554851	8
3253980252	3253980252	3104759242	3104759242	8
3247099962	3247099962	3046542211	3046542211	8
3260642385	3260642385	3099595981	3099595981	8
3300114922	3300114922	3063146686	3063146686	8
3263478094	3263478094	3097108560	3097108560	8
3245081170	3245081170	3044410114	3044410114	8
3193632471	3193632471	3005512346	3005512346	8
3249050205	3249050205	3048516139	3048516139	8
3309691294	3309691294	3053315011	3053315011	8
3297476371	3297476371	3065926827	3065926827	8
3191891845	3191891845	3028791190	3028791190	8
3246760622	3246760622	3046084118	3046084118	8
3296386300	3296386300	3066871230	3066871230	8
3292005917	3292005917	3071146810	3071146810	8
3276651234	3276651234	3085263485	3085263485	8
3272279533	3272279533	3089471809	3089471809	8
3276144477	3276144477	3085701669	3085701669	8
3274057650	3274057650	3087614777	3087614777	8
3295894976	3295894976	3067134873	3067134873	8
996460912	996460912	681530967	681530967	7
2309104395	2309104395	2667202349	2667202349	7
2309334358	2309334358	2667434312	2667434312	7
2310575115	2310575115	2668594744	2668594744	7
2315064054	2315064054	2673120949	2673120949	7
990056955	990056955	674485785	674485785	7
995520499	995520499	680513104	680513104	7
990338874	990338874	674812586	674812586	7
985202161	985202161	669465493	669465493	7
985112269	985112269	669364136	669364136	7
2284815604	2284815604	2643267157	2643267157	7
980578740	980578740	664362007	664362007	7
2286421206	2286421206	2644529163	2644529163	7
2122375439	2122375439	2825554381	2825554381	7
2175782039	2175782039	2738449082	2738449082	7
2175099715	2175099715	2739123495	2739123495	7
2164058556	2164058556	2750406699	2750406699	7
2163046079	2163046079	2751317415	2751317415	7
2160400828	2160400828	2753655141	2753655141	7
2116518731	2116518731	2819985711	2819985711	7
2843505964	2843505964	4443949739	4443949739	7
2122420098	2122420098	2825585040	2825585040	7
2123685998	2123685998	2826955126	2826955126	7
3535282636	3535282636	2369038638	2369038638	7
2140041102	2140041102	2810290713	2810290713	7
2141558097	2141558097	2811636521	2811636521	7
976747744	976747744	660102069	660102069	7
2764770517	2764770517	1915048910	1915048910	7
2845894750	2845894750	4441822396	4441822396	7
3770861186	3770861186	1815253005	1815253005	7
2662894848	2662894848	2193814015	2193814015	7
2677246924	2677246924	2207561586	2207561586	7
2677296039	2677296039	2207612356	2207612356	7
2682855482	2682855482	2213097472	2213097472	7
2686528793	2686528793	2217010285	2217010285	7
2686879950	2686879950	2217374033	2217374033	7
2688142614	2688142614	2218629737	2218629737	7
2703158636	2703158636	2233326184	2233326184	7
3758380456	3758380456	1802093762	1802093762	7
3788384281	3788384281	1972202132	1972202132	7
3818626734	3818626734	1820884778	1820884778	7
3771050024	3771050024	1815482216	1815482216	7
3770427067	3770427067	1814852606	1814852606	7
2846375144	2846375144	4441340189	4441340189	7
3769639730	3769639730	1813974655	1813974655	7
3764190559	3764190559	1808261881	1808261881	7
2810368978	2810368978	1963703211	1963703211	7
2806753739	2806753739	1959954794	1959954794	7
2762412096	2762412096	1912533295	1912533295	7
2763184036	2763184036	1913414743	1913414743	7
2153397547	2153397547	2760755990	2760755990	7
2765641688	2765641688	1916063715	1916063715	7
2774398853	2774398853	1925525197	1925525197	7
3505208513	3505208513	3137950247	3137950247	7
3505247000	3505247000	3137991539	3137991539	7
2825176098	2825176098	4459666248	4459666248	7
2143768893	2143768893	2815057880	2815057880	7
2166348116	2166348116	2748096275	2748096275	7
2147988009	2147988009	2774302272	2774302272	7
2357803037	2357803037	2715512998	2715512998	7
3355377073	3355377073	3004933713	3004933713	7
3183951661	3183951661	3021583041	3021583041	7
3228883924	3228883924	2983066982	2983066982	7
3221662371	3221662371	2989574847	2989574847	7
2146945548	2146945548	2812490233	2812490233	7
2350739200	2350739200	2708130876	2708130876	7
2100735991	2100735991	2791400085	2791400085	7
2154173640	2154173640	2759794046	2759794046	7
2145833381	2145833381	2813406507	2813406507	7
2090691978	2090691978	2782913330	2782913330	7
3376421794	3376421794	2929673683	2929673683	6
3384826747	3384826747	2938440769	2938440769	6
3383213844	3383213844	2936799722	2936799722	6
3382728324	3382728324	2936281135	2936281135	6
3380600027	3380600027	2934151272	2934151272	6
3380017136	3380017136	2933519492	2933519492	6
3379993705	3379993705	2933494627	2933494627	6
3379432262	3379432262	2932903784	2932903784	6
3378349721	3378349721	2931772442	2931772442	6
3371914077	3371914077	2925045904	2925045904	6
3372717227	3372717227	2925885735	2925885735	6
3372341345	3372341345	2925482007	2925482007	6
4046099349	4046099349	3979286679	3979286679	6
4023148654	4023148654	3963018971	3963018971	6
3399405414	3399405414	2953354498	2953354498	6
4038447554	4038447554	3971310315	3971310315	6
4039398457	4039398457	3973250113	3973250113	6
4039417212	4039417212	3973269287	3973269287	6
4428703704	4428703704	3709426011	3709426011	6
3399063077	3399063077	2953000643	2953000643	6
3403388178	3403388178	2957296003	2957296003	6
3402509270	3402509270	2956391970	2956391970	6
3368334673	3368334673	2921474109	2921474109	6
3152949565	3152949565	2894497372	2894497372	6
3161938511	3161938511	2897691779	2897691779	6
3157102950	3157102950	2902940670	2902940670	6
3154485719	3154485719	2905725496	2905725496	6
3194557925	3194557925	2907920006	2907920006	6
3194030288	3194030288	2908439668	2908439668	6
3193973666	3193973666	2908580369	2908580369	6
3357193352	3357193352	2910186555	2910186555	6
3422012877	3422012877	2975325605	2975325605	6
3402636011	3402636011	2956521905	2956521905	6
3417302119	3417302119	2971177016	2971177016	6
3415333558	3415333558	2969272508	2969272508	6
3409377262	3409377262	2963456207	2963456207	6
3409215287	3409215287	2963312168	2963312168	6
3403588700	3403588700	2957517931	2957517931	6
4041962847	4041962847	3975499515	3975499515	6
3402820769	3402820769	2956703281	2956703281	6
3402717606	3402717606	1077862107	1077862107	6
4041340261	4041340261	3974906699	3974906699	6
5059546026	5059546026	5057981763	5057981763	6
4041979353	4041979353	3975519172	3975519172	6
4364717736	4364717736	3904579234	3904579234	6
4347018367	4347018367	3929770806	3929770806	6
4347955921	4347955921	3928691650	3928691650	6
4348276126	4348276126	3928285767	3928285767	6
4350387875	4350387875	3910290725	3910290725	6
4351216126	4351216126	3911094862	3911094862	6
4351955509	4351955509	3917189600	3917189600	6
4361263402	4361263402	3908098499	3908098499	6
4363358003	4363358003	3905951603	3905951603	6
4364733384	4364733384	3904552308	3904552308	6
4042397567	4042397567	3975930618	3975930618	6
4364801419	4364801419	3904511663	3904511663	6
4364990941	4364990941	3904251491	3904251491	6
4365064056	4365064056	3904229792	3904229792	6
4368383949	4368383949	3896709928	3896709928	6
4368414993	4368414993	3896738018	3896738018	6
4369914766	4369914766	3898160742	3898160742	6
4359013077	4359013077	3900717013	3900717013	6
4358856995	4358856995	3900787025	3900787025	6
4346201391	4346201391	3930580963	3930580963	6
4340440628	4340440628	3922297115	3922297115	6
4336408941	4336408941	3918095522	3918095522	6
4335984174	4335984174	3917616027	3917616027	6
4042917917	4042917917	3976404323	3976404323	6
4047665789	4047665789	3980871729	3980871729	6
4017482299	4017482299	3964372620	3964372620	6
4034579650	4034579650	3989081141	3989081141	6
4016294356	4016294356	3965822823	3965822823	6
4035512092	4035512092	3966299862	3966299862	6
4035568623	4035568623	3966369140	3966369140	6
4035722562	4035722562	3966547981	3966547981	6
4036469057	4036469057	3967359460	3967359460	6
4036700457	4036700457	3967585165	3967585165	6
4021434497	4021434497	3967948997	3967948997	6
4021105275	4021105275	3968331035	3968331035	6
4021749736	4021749736	3988201819	3988201819	6
4341875890	4341875890	3923784275	3923784275	6
4340815647	4340815647	3922678641	3922678641	6
4340690076	4340690076	3922562391	3922562391	6
4335887100	4335887100	3917511420	3917511420	6
3202021056	3202021056	2875367113	2875367113	6
4357878907	4357878907	3911777865	3911777865	6
4434006990	4434006990	4051767905	4051767905	6
3695775990	3695775990	1738861306	1738861306	6
3827382372	3827382372	1831020461	1831020461	6
3826598472	3826598472	1831681179	1831681179	6
3826378140	3826378140	1831984131	1831984131	6
3825770207	3825770207	1832752455	1832752455	6
3820994765	3820994765	1837629743	1837629743	6
3801066675	3801066675	1853320968	1853320968	6
3795625668	3795625668	1986576212	1986576212	6
457939548	457939548	989588175	989588175	6
3695099600	3695099600	1738118217	1738118217	6
4407570523	4407570523	4037202839	4037202839	6
3699256655	3699256655	1742600053	1742600053	6
3699584312	3699584312	1743023625	1743023625	6
3702900167	3702900167	1746589818	1746589818	6
3707485041	3707485041	1751312133	1751312133	6
3707702376	3707702376	1751548249	1751548249	6
3723032063	3723032063	1766269013	1766269013	6
3724099722	3724099722	1767442642	1767442642	6
4423754990	4423754990	4040555044	4040555044	6
4410703574	4410703574	4046526771	4046526771	6
4357223657	4357223657	3912400256	3912400256	6
4407395966	4407395966	4037020728	4037020728	6
3336004576	3336004576	2835196484	2835196484	6
4406346144	4406346144	4057122647	4057122647	6
766290394	766290394	417536424	417536424	6
764220032	764220032	419658244	419658244	6
767101382	767101382	417197842	417197842	6
3338919397	3338919397	2837279458	2837279458	6
808197303	808197303	409280010	409280010	6
809857132	809857132	407129287	407129287	6
3335059028	3335059028	2834312009	2834312009	6
766407976	766407976	417428464	417428464	6
3337087599	3337087599	2836068759	2836068759	6
3327760574	3327760574	2846994104	2846994104	6
3316844431	3316844431	2843618730	2843618730	6
3316738046	3316738046	2843517797	2843517797	6
3316487143	3316487143	2843276005	2843276005	6
3214403446	3214403446	2862883373	2862883373	6
3214029514	3214029514	2863350544	2863350544	6
3332060400	3332060400	2831565180	2831565180	6
2532850846	2532850846	2063555676	2063555676	5
2501462654	2501462654	2030560062	2030560062	5
2503549123	2503549123	2032760026	2032760026	5
2561327627	2561327627	2090725418	2090725418	5
2538938747	2538938747	2070297665	2070297665	5
2541835984	2541835984	2073444922	2073444922	5
2492103370	2492103370	2020729398	2020729398	5
2562315971	2562315971	2091749593	2091749593	5
2493507345	2493507345	2022208509	2022208509	5
3666410009	3666410009	1883465422	1883465422	5
2484983094	2484983094	2013013945	2013013945	5
2482919528	2482919528	2010751770	2010751770	5
2470245486	2470245486	2001345709	2001345709	5
3658593661	3658593661	1875249353	1875249353	5
3657167962	3657167962	1873575324	1873575324	5
3656268821	3656268821	1872605341	1872605341	5
3654924305	3654924305	1871176216	1871176216	5
2580411629	2580411629	2130674932	2130674932	5
3646744777	3646744777	1862521430	1862521430	5
3639725929	3639725929	1855007010	1855007010	5
2580062509	2580062509	2130974240	2130974240	5
3745520384	3745520384	1788624905	1788624905	5
2581596401	2581596401	2129371526	2129371526	5
2585802278	2585802278	2124806994	2124806994	5
387530495	387530495	1315598137	1315598137	5
336994892	336994892	1364712804	1364712804	5
413290044	413290044	1287836803	1287836803	5
421099679	421099679	1279560500	1279560500	5
422402230	422402230	1278015134	1278015134	5
433494982	433494982	1259535695	1259535695	5
433689230	433689230	1259715088	1259715088	5
4425698147	4425698147	4064683043	4064683043	5
3754019511	3754019511	1797607192	1797607192	5
4417896323	4417896323	4062708848	4062708848	5
4416273260	4416273260	4058972740	4058972740	5
3743014723	3743014723	1785953445	1785953445	5
2729408784	2729408784	2260345382	2260345382	5
2728668181	2728668181	2259499328	2259499328	5
2733762047	2733762047	2265010787	2265010787	5
2644301997	2644301997	2176109415	2176109415	5
2635965253	2635965253	2168052184	2168052184	5
2610005858	2610005858	2099562512	2099562512	5
2592540968	2592540968	2117734974	2117734974	5
413964099	413964099	1287186658	1287186658	5
